2.000000000000000111e-01 2.668835818324075211e+25
2.022022022022022247e-01 2.693634091726077379e+25
2.044044044044044106e-01 2.720479055586466209e+25
2.066066066066066242e-01 2.749365885847707119e+25
2.088088088088088101e-01 2.780276557682728209e+25
2.110110110110110238e-01 2.813201918091134189e+25
2.132132132132132374e-01 2.848139662585891135e+25
2.154154154154154233e-01 2.885092620623221656e+25
2.176176176176176369e-01 2.924067349142545071e+25
2.198198198198198228e-01 2.965072979615614561e+25
2.220220220220220364e-01 3.008120274258102756e+25
2.242242242242242223e-01 3.053220855247736924e+25
2.264264264264264359e-01 3.100386577365135650e+25
2.286286286286286495e-01 3.149629019768382642e+25
2.308308308308308354e-01 3.200959076895356838e+25
2.330330330330330491e-01 3.254386631965450186e+25
2.352352352352352349e-01 3.309920299385836177e+25
2.374374374374374486e-01 3.367567224684446576e+25
2.396396396396396344e-01 3.427332932492318407e+25
2.418418418418418481e-01 3.489221214661948166e+25
2.440440440440440617e-01 3.554946725875914897e+25
2.462462462462462476e-01 3.625034540668831165e+25
2.484484484484484612e-01 3.697127059168221692e+25
2.506506506506506748e-01 3.771238672084713390e+25
2.528528528528528607e-01 3.847379834901629658e+25
2.550550550550550466e-01 3.925557311602557819e+25
2.572572572572572325e-01 4.005774404055479832e+25
2.594594594594594739e-01 4.088031168130036806e+25
2.616616616616616597e-01 4.172324617521687000e+25
2.638638638638638456e-01 4.258648916164635656e+25
2.660660660660660870e-01 4.346995560033294356e+25
2.682682682682682729e-01 4.437353549058628342e+25
2.704704704704704588e-01 4.529709549820008433e+25
2.726726726726727001e-01 4.624048049614287316e+25
2.748748748748748860e-01 4.720351502451228960e+25
2.770770770770770719e-01 4.818600467477040385e+25
2.792792792792793133e-01 4.918773740285374034e+25
2.814814814814814992e-01 5.020848477537173100e+25
2.836836836836836850e-01 5.124800315276378460e+25
2.858858858858858709e-01 5.230603481297856669e+25
2.880880880880880568e-01 5.338230901896206768e+25
2.902902902902902982e-01 5.447654303299033978e+25
2.924924924924924841e-01 5.558844308065863715e+25
2.946946946946946699e-01 5.671770526713553381e+25
2.968968968968969113e-01 5.786401644810536832e+25
2.990990990990990972e-01 5.902705505765688846e+25
3.013013013013012831e-01 6.020649189522583368e+25
3.035035035035035245e-01 6.140199087355969297e+25
3.057057057057057103e-01 6.261320546289625880e+25
3.079079079079078962e-01 6.383975279889223399e+25
3.101101101101101376e-01 6.508123431910442075e+25
3.123123123123123235e-01 6.633725107507395518e+25
3.145145145145145094e-01 6.760740410822066821e+25
3.167167167167166952e-01 6.889129474283275794e+25
3.189189189189188811e-01 7.018852486861245017e+25
3.211211211211211225e-01 7.149869721273546191e+25
3.233233233233233084e-01 7.282141560141578961e+25
3.255255255255254943e-01 7.415628521099616303e+25
3.277277277277277356e-01 7.550291280861475103e+25
3.299299299299299215e-01 7.686090698252457806e+25
3.321321321321321074e-01 7.822987836216313875e+25
3.343343343343343488e-01 7.960943982809005566e+25
3.365365365365365347e-01 8.099920671193254732e+25
3.387387387387387205e-01 8.239879698648907306e+25
3.409409409409409619e-01 8.380783144616145888e+25
3.431431431431431478e-01 8.522593387789246556e+25
3.453453453453453337e-01 8.665273122280353274e+25
3.475475475475475751e-01 8.808785372552318113e+25
3.497497497497497054e-01 8.953093361860454794e+25
3.519519519519519468e-01 9.098160311510709926e+25
3.541541541541541327e-01 9.243949793613547590e+25
3.563563563563563186e-01 9.390425803054182026e+25
3.585585585585585600e-01 9.537552766073649129e+25
3.607607607607607458e-01 9.685295548221082712e+25
3.629629629629629317e-01 9.833619461691382658e+25
3.651651651651651731e-01 1.999110124599226420e+25
3.673673673673673590e-01 2.009504349039359209e+25
3.695695695695695449e-01 2.020117441354894846e+25
3.717717717717717862e-01 2.030944518354751361e+25
3.739739739739739721e-01 2.041980769150611298e+25
3.761761761761761580e-01 2.053221453573680377e+25
3.783783783783783994e-01 2.064661900686990712e+25
3.805805805805805297e-01 2.076297507385809691e+25
3.827827827827827711e-01 2.088123737079286453e+25
3.849849849849850125e-01 2.100136118446954921e+25
3.871871871871871429e-01 2.112330244264209274e+25
3.893893893893893843e-01 2.124701770291274512e+25
3.915915915915915702e-01 2.137246414220604460e+25
3.937937937937937560e-01 2.149959954678095710e+25
3.959959959959959974e-01 2.162838230273698849e+25
3.970000000000000195e-01 2.268706535620275289e+25
3.981981981981981833e-01 2.175877138697504361e+25
4.004004004004003692e-01 2.189072635857568748e+25
4.026026026026026106e-01 2.202420735056074519e+25
4.048048048048047964e-01 2.215917506200690012e+25
4.070070070070069823e-01 2.229559141541365290e+25
4.092092092092092237e-01 2.243342498948395176e+25
4.102000000000000091e-01 2.416907081113598796e+25
4.114114114114114096e-01 2.257264778851840033e+25
4.136136136136135955e-01 2.271323176679887266e+25
4.158158158158158368e-01 2.285514881938649425e+25
4.180180180180179672e-01 2.299837080703725418e+25
4.202202202202202086e-01 2.314286957967198268e+25
4.224224224224223945e-01 2.328861699847349838e+25
4.246246246246245803e-01 2.343558495668069671e+25
4.268268268268268217e-01 2.358374539914441652e+25
4.290290290290290076e-01 2.373307034070762801e+25
4.312312312312311935e-01 2.388353188346892067e+25
4.334334334334334349e-01 2.403510223298491952e+25
4.339999999999999969e-01 2.729669417449093979e+25
4.356356356356356208e-01 2.418775371346475840e+25
4.378378378378378066e-01 2.434145878200716209e+25
4.400400400400400480e-01 2.449619004192762680e+25
4.422422422422422339e-01 2.465192025522110958e+25
4.444444444444444198e-01 2.480862235420379055e+25
4.466466466466466612e-01 2.496626945237390277e+25
4.488488488488487915e-01 2.512483485453165869e+25
4.510510510510510329e-01 2.528429206619436828e+25
4.532532532532532188e-01 2.544461480234241831e+25
4.554554554554554602e-01 2.560577699552936895e+25
4.576576576576576461e-01 2.576775280338781711e+25
4.598598598598598319e-01 2.593051661556165407e+25
4.620620620620620178e-01 2.609404306009310702e+25
4.642642642642642592e-01 2.625830700929231871e+25
4.664664664664664451e-01 2.642328358511488270e+25
4.686686686686686309e-01 2.658894816407316854e+25
4.708708708708708723e-01 2.675527638170412286e+25
4.730730730730730582e-01 2.692224413661637836e+25
4.752752752752752441e-01 2.708982759413830457e+25
4.774774774774774300e-01 2.725800318958701055e+25
4.796796796796796714e-01 2.742674763117810788e+25
4.818818818818818572e-01 2.759603790259456500e+25
4.840840840840840431e-01 2.776585126523204309e+25
4.860999999999999766e-01 3.566693274463355720e+25
4.862862862862862845e-01 2.793616526012723758e+25
4.884884884884884704e-01 2.810695719422630006e+25
4.906906906906906563e-01 2.827820281702158087e+25
4.928928928928928421e-01 2.844987786487033375e+25
4.950950950950950835e-01 2.862195850177003813e+25
4.972972972972972694e-01 2.879442131365701903e+25
4.994994994994994553e-01 2.896724330276366316e+25
5.017017017017016967e-01 2.914040188203165867e+25
5.039039039039039380e-01 2.931387486958275298e+25
5.061061061061060684e-01 2.948764048324407823e+25
5.083083083083081988e-01 2.966167733512917820e+25
5.105105105105105512e-01 2.983596442627343520e+25
5.127127127127126816e-01 3.001048114132334734e+25
5.149149149149148119e-01 3.018520724327937256e+25
5.171171171171171643e-01 3.036012286829204319e+25
5.193193193193192947e-01 3.053520852051041038e+25
5.215215215215214251e-01 3.071044506698325650e+25
5.237237237237236664e-01 3.088581373261181277e+25
5.259259259259259078e-01 3.106129609515419690e+25
5.281281281281280382e-01 3.123687408028154497e+25
5.303303303303302796e-01 3.141252995668462632e+25
5.325325325325325210e-01 3.158824633123130658e+25
5.347347347347346513e-01 3.176400614417481590e+25
5.369369369369368927e-01 3.193979266441185159e+25
5.391391391391391341e-01 3.211558948479053258e+25
5.413413413413412645e-01 3.229138051746854474e+25
5.435435435435435059e-01 3.246714998932022313e+25
5.457457457457457473e-01 3.264288243739323683e+25
5.479479479479478776e-01 3.281856270441393139e+25
5.501501501501501190e-01 3.299417593434186163e+25
5.523523523523523604e-01 3.316970756797228199e+25
5.545545545545544908e-01 3.334514333858762955e+25
5.567567567567567322e-01 3.352046926765644932e+25
5.589589589589589735e-01 3.369567166058066796e+25
5.611611611611611039e-01 3.387073710249005626e+25
5.633633633633633453e-01 3.404565245408446028e+25
5.655655655655655867e-01 3.422040484752303665e+25
5.677677677677677170e-01 3.439498168236007960e+25
5.699699699699699584e-01 3.456937062152837185e+25
5.721721721721721998e-01 3.474355958736778297e+25
5.743743743743743302e-01 3.491753675770116392e+25
5.765765765765764606e-01 3.509129056195551057e+25
5.787787787787788130e-01 3.526480967732872250e+25
5.809809809809809433e-01 3.543808302500236536e+25
5.831831831831830737e-01 3.561109976639896756e+25
5.853853853853854261e-01 3.578384929948450015e+25
5.875875875875875565e-01 3.595632125511536969e+25
5.897897897897896868e-01 3.612850549342969654e+25
5.919919919919919282e-01 3.630039210028270243e+25
5.941941941941941696e-01 3.647197138372562758e+25
5.963963963963963000e-01 3.664323387052863255e+25
5.985985985985985414e-01 3.681417030274593678e+25
6.008008008008007828e-01 3.698477163432493332e+25
6.030030030030029131e-01 3.715502902775687459e+25
6.052052052052051545e-01 3.732493385077034020e+25
6.074074074074073959e-01 3.749447767306650353e+25
6.096096096096095263e-01 3.766365227132556459e+25
6.118118118118117676e-01 3.783244980905166371e+25
6.140140140140140090e-01 3.800086282560512847e+25
6.162162162162161394e-01 3.816888404166376827e+25
6.184184184184183808e-01 3.833650634793967743e+25
6.206206206206206222e-01 3.850372280273631791e+25
6.228228228228227525e-01 3.867052662952489936e+25
6.250250250250249939e-01 3.883691121454079082e+25
6.272272272272272353e-01 3.900287010439963351e+25
6.294294294294293657e-01 3.916839700373368288e+25
6.316316316316316071e-01 3.933348577284985746e+25
6.338338338338338485e-01 3.949813042540757024e+25
6.360360360360359788e-01 3.966232512611868786e+25
6.382382382382382202e-01 3.982606418846880128e+25
6.404404404404404616e-01 3.998934207246038374e+25
6.426426426426425920e-01 4.015215338237768973e+25
6.448448448448447223e-01 4.031449286457393631e+25
6.470470470470470747e-01 4.047635540528101583e+25
6.492492492492492051e-01 4.063773602844110439e+25
6.514514514514513355e-01 4.079862989356135142e+25
6.536536536536536879e-01 4.095903229359095467e+25
6.558558558558558182e-01 4.111893865282088682e+25
6.562999999999999945e-01 7.116285228414634488e+25
6.580580580580579486e-01 4.127834452480683216e+25
6.602602602602601900e-01 4.143724559031427664e+25
6.624624624624624314e-01 4.159563765528714295e+25
6.646646646646645618e-01 4.175351664883893124e+25
6.668668668668668031e-01 4.191087862126687229e+25
6.690690690690690445e-01 4.206771974208870653e+25
6.712712712712711749e-01 4.222403629810287066e+25
6.734734734734734163e-01 4.237982469147104385e+25
6.756756756756756577e-01 4.253508143782359474e+25
6.778778778778777880e-01 4.268980316438773159e+25
6.800800800800800294e-01 4.284398660813859615e+25
6.822822822822822708e-01 4.299762861397233926e+25
6.844844844844844012e-01 4.315072613290240631e+25
6.866866866866866426e-01 4.330327622027797624e+25
6.888888888888888840e-01 4.345527603402423617e+25
6.910910910910910143e-01 4.360672283290586593e+25
6.932932932932932557e-01 4.375761397479994585e+25
6.954954954954954971e-01 4.390794691504974732e+25
6.976976976976976275e-01 4.405771920472374203e+25
6.998998998998998688e-01 4.420692848901273736e+25
7.021021021021021102e-01 4.435557250559038428e+25
7.043043043043042406e-01 4.450364908300679086e+25
7.065065065065063710e-01 4.465115613910342164e+25
7.087087087087087234e-01 4.479809167944933442e+25
7.109109109109108537e-01 4.494445379579785241e+25
7.131131131131129841e-01 4.509024066456495191e+25
7.153153153153153365e-01 4.523545054532739807e+25
7.175175175175174669e-01 4.538008177934190891e+25
7.197197197197195973e-01 4.552413278808475475e+25
7.219219219219219497e-01 4.566760207181102867e+25
7.241241241241240800e-01 4.581048820813442960e+25
7.263263263263262104e-01 4.595278985062641584e+25
7.285285285285285628e-01 4.609450572743520124e+25
7.307307307307306932e-01 4.623563463992423341e+25
7.329329329329328235e-01 4.637617546132993053e+25
7.351351351351351759e-01 4.651612713543837618e+25
7.373373373373373063e-01 4.665548867528098066e+25
7.395395395395394367e-01 4.679425916184885134e+25
7.417417417417417891e-01 4.693243774282578582e+25
7.439439439439439195e-01 4.707002363133926970e+25
7.461461461461460498e-01 4.720701610473009731e+25
7.483483483483481802e-01 4.734341450333937843e+25
7.505505505505505326e-01 4.747921822931402202e+25
7.527527527527526630e-01 4.761442674542876409e+25
7.549549549549547933e-01 4.774903957392690451e+25
7.571571571571571457e-01 4.788305629537701251e+25
7.593593593593592761e-01 4.801647654754698375e+25
7.615615615615614065e-01 4.814930002429569832e+25
7.637637637637637589e-01 4.828152647447978830e+25
7.659659659659658892e-01 4.841315570087825531e+25
7.681681681681680196e-01 4.854418755913247250e+25
7.703703703703703720e-01 4.867462195670248183e+25
7.725725725725725024e-01 4.880445885183913958e+25
7.747747747747746327e-01 4.893369825257176686e+25
7.769769769769769852e-01 4.906234021571185460e+25
7.791791791791791155e-01 4.919038484587092480e+25
7.813813813813812459e-01 4.931783229449472980e+25
7.835835835835835983e-01 4.944468275891156489e+25
7.857857857857857287e-01 4.957093648139538986e+25
7.879879879879878590e-01 4.969659374824416341e+25
7.901901901901902114e-01 4.982165488887129434e+25
7.923923923923923418e-01 4.994612027491262338e+25
7.945945945945944722e-01 5.006999031934643590e+25
7.967967967967968246e-01 5.019326547562766525e+25
7.989989989989989549e-01 5.031594623683572830e+25
8.012012012012010853e-01 5.043803313483592446e+25
8.034034034034034377e-01 5.055952673945370246e+25
8.056056056056055681e-01 5.068042765766263668e+25
8.078078078078076985e-01 5.080073653278481585e+25
8.100100100100100509e-01 5.092045404370421986e+25
8.122122122122121812e-01 5.103958090553363362e+25
8.144144144144143116e-01 5.115811788594781505e+25
8.166166166166164420e-01 5.127606579814366567e+25
8.188188188188187944e-01 5.139342548707758346e+25
8.210210210210209247e-01 2.768649049271351167e+25
8.232232232232230551e-01 2.775771825404677109e+25
8.254254254254254075e-01 2.782877907699031932e+25
8.276276276276275379e-01 2.789967207226106735e+25
8.298298298298296682e-01 2.797039637374966277e+25
8.320320320320320207e-01 2.804095113818612649e+25
8.342342342342341510e-01 2.811133554480903297e+25
8.364364364364362814e-01 2.818154879503903680e+25
8.386386386386386338e-01 2.825159011215587829e+25
8.408408408408407642e-01 2.832145874097980429e+25
8.430430430430428945e-01 2.839115394755647651e+25
8.452452452452452469e-01 2.846067501884569802e+25
8.474474474474473773e-01 2.853002126241431883e+25
8.496496496496495077e-01 2.859919200613232398e+25
8.518518518518518601e-01 2.866818659787308352e+25
8.540540540540539904e-01 2.873700440521732182e+25
8.562562562562561208e-01 2.880564481516020516e+25
8.584584584584584732e-01 2.887410723382285303e+25
8.606606606606606036e-01 2.894239108616665411e+25
8.628628628628627339e-01 2.901049581571167961e+25
8.650650650650650864e-01 2.907842088425839518e+25
8.672672672672672167e-01 2.914616577161294187e+25
8.694694694694693471e-01 2.921372997531573721e+25
8.716716716716716995e-01 2.928111301037356798e+25
8.738738738738738299e-01 2.934831440899515769e+25
8.760760760760759602e-01 2.941533372032987795e+25
8.782782782782783126e-01 2.948217051021007621e+25
8.804804804804804430e-01 2.954882436089637987e+25
8.826826826826825734e-01 2.961529487082629039e+25
8.848848848848847037e-01 2.968158165436622197e+25
8.870870870870870561e-01 2.974768434156649079e+25
8.892892892892891865e-01 2.981360257791957284e+25
8.914914914914913169e-01 2.987933602412133802e+25
8.936936936936936693e-01 2.994488435583553999e+25
8.958958958958957997e-01 3.001024726346116631e+25
8.980980980980979300e-01 3.007542445190304858e+25
9.003003003003002824e-01 3.014041564034512678e+25
9.025025025025024128e-01 3.020522056202692203e+25
9.047047047047045432e-01 3.026983896402293846e+25
9.069069069069068956e-01 3.033427060702453042e+25
9.091091091091090259e-01 3.039851526512537314e+25
9.113113113113111563e-01 3.046257272560888335e+25
9.135135135135135087e-01 3.052644278873919178e+25
9.157157157157156391e-01 3.059012526755431906e+25
9.179179179179177694e-01 3.065361998766242240e+25
9.201201201201201219e-01 3.071692678704057215e+25
9.223223223223222522e-01 3.078004551583615676e+25
9.245245245245243826e-01 3.084297603617107094e+25
9.267267267267267350e-01 3.090571822194839060e+25
9.289289289289288654e-01 3.096827195866166768e+25
9.311311311311309957e-01 3.103063714320671187e+25
9.333333333333333481e-01 3.109281368369591049e+25
9.355355355355354785e-01 3.115480149927516416e+25
9.377377377377376089e-01 3.121660051994293982e+25
9.399399399399399613e-01 3.127821068637222715e+25
9.421421421421420916e-01 3.133963194973428599e+25
9.443443443443442220e-01 3.140086427152541314e+25
9.465465465465463524e-01 3.146190762339551731e+25
9.487487487487487048e-01 3.152276198697937847e+25
9.509509509509508351e-01 3.158342735372991723e+25
9.531531531531529655e-01 3.164390372475385216e+25
9.553553553553553179e-01 3.170419111064965501e+25
9.575575575575574483e-01 3.176428953134741286e+25
9.597597597597595787e-01 3.182419901595131015e+25
9.619619619619619311e-01 3.188391960258393188e+25
9.641641641641640614e-01 3.194345133823262399e+25
9.663663663663661918e-01 3.200279427859835349e+25
9.685685685685685442e-01 3.206194848794626505e+25
9.707707707707706746e-01 3.212091403895827774e+25
9.729729729729728049e-01 3.217969101258809125e+25
9.751751751751751573e-01 3.223827949791774680e+25
9.773773773773772877e-01 3.229667959201627983e+25
9.795795795795794181e-01 3.235489139980070479e+25
9.817817817817817705e-01 3.241291503389805213e+25
9.839839839839839009e-01 3.247075061451031746e+25
9.861861861861860312e-01 3.252839826928055726e+25
9.883883883883883836e-01 3.258585813316130830e+25
9.905905905905905140e-01 3.264313034828423539e+25
9.927927927927926444e-01 3.270021506383225730e+25
9.949949949949949968e-01 3.275711243591309005e+25
9.971971971971971271e-01 3.281382262743471861e+25
9.993993993993992575e-01 3.287034580798219582e+25
1.001601601601601610e+00 3.292668215369670890e+25
1.003803803803803740e+00 3.298283184715604200e+25
1.006006006006005871e+00 3.303879507725672227e+25
1.008208208208208223e+00 3.309457203909795268e+25
1.010410410410410353e+00 3.315016293386696640e+25
1.012612612612612484e+00 3.320556796872601771e+25
1.014814814814814614e+00 3.326078735670130119e+25
1.017017017017016967e+00 3.331582131657302634e+25
1.019219219219219097e+00 3.337067007276704700e+25
1.021421421421421227e+00 3.342533385524844492e+25
1.023623623623623580e+00 3.347981289941616561e+25
1.025825825825825710e+00 3.353410744599941516e+25
1.028028028028027840e+00 3.358821774095519519e+25
1.030230230230230193e+00 3.364214403536792949e+25
1.032432432432432323e+00 3.369588658534967042e+25
1.034634634634634454e+00 3.374944565194247432e+25
1.036836836836836806e+00 3.380282150102172182e+25
1.039039039039038936e+00 3.385601440320101434e+25
1.041241241241241067e+00 3.390902463373826462e+25
1.043443443443443419e+00 3.396185247244339366e+25
1.045645645645645549e+00 3.401449820358697237e+25
1.047847847847847680e+00 3.406696211581056847e+25
1.050050050050050032e+00 3.411924450203820147e+25
1.052252252252252163e+00 3.417134565938885413e+25
1.054454454454454293e+00 3.422326588909062899e+25
1.056656656656656645e+00 3.427500549639611602e+25
1.058858858858858776e+00 3.432656479049838306e+25
1.061061061061060906e+00 3.437794408444912665e+25
1.063263263263263259e+00 3.442914369507708050e+25
1.065465465465465389e+00 3.448016394290845556e+25
1.067667667667667519e+00 3.453100515208767205e+25
1.069869869869869872e+00 3.458166765030011881e+25
1.072072072072072002e+00 3.463215176869516172e+25
1.074274274274274132e+00 3.468245784181108911e+25
1.076476476476476485e+00 3.473258620750058980e+25
1.078678678678678615e+00 3.478253720685747238e+25
1.080880880880880746e+00 3.483231118414455271e+25
1.083083083083082876e+00 3.488190848672261513e+25
1.085285285285285228e+00 3.493132946498018547e+25
1.087487487487487359e+00 3.498057447226440358e+25
1.089689689689689489e+00 3.502964386481336894e+25
1.091891891891891841e+00 3.507853800168859377e+25
1.094000000000000083e+00 3.670485216179524934e+25
1.094094094094093972e+00 3.512725724470935014e+25
1.096296296296296102e+00 3.517580195838743368e+25
1.098498498498498455e+00 3.522417250986301830e+25
1.100700700700700585e+00 3.527236926884179071e+25
1.102902902902902715e+00 3.532039260753218378e+25
1.105105105105105068e+00 3.536824290058443527e+25
1.107307307307307198e+00 3.541592052503041960e+25
1.109509509509509328e+00 3.546342586022346248e+25
1.111711711711711681e+00 3.551075928778060370e+25
1.113913913913913811e+00 3.555792119152397078e+25
1.116116116116115942e+00 3.560491195742478120e+25
1.118318318318318294e+00 3.565173197354665745e+25
1.120520520520520424e+00 3.569838162999081032e+25
1.122722722722722555e+00 3.574486131884164317e+25
1.124924924924924907e+00 3.579117143411304334e+25
1.127127127127127038e+00 3.583731237169594063e+25
1.129329329329329168e+00 3.588328452930624368e+25
1.131531531531531520e+00 3.592908830643370839e+25
1.133733733733733651e+00 3.597472410429152790e+25
1.135935935935935781e+00 3.602019232576685025e+25
1.138138138138138133e+00 3.606549337537184154e+25
1.140340340340340264e+00 3.611062765919573264e+25
1.142542542542542394e+00 3.615559558485711493e+25
1.144744744744744747e+00 3.620039756145775657e+25
1.146946946946946877e+00 3.624503399953644447e+25
1.149149149149149007e+00 3.628950531102347911e+25
1.151351351351351138e+00 3.633381190919687874e+25
1.153553553553553490e+00 3.637795420863768169e+25
1.155755755755755620e+00 3.642193262518734886e+25
1.157957957957957751e+00 3.646574757590514048e+25
1.160160160160160103e+00 3.650939947902616715e+25
1.162362362362362234e+00 3.655288875392028701e+25
1.164564564564564364e+00 3.659621582105144099e+25
1.166766766766766716e+00 3.663938110193790289e+25
1.168968968968968847e+00 3.668238501911285586e+25
1.171171171171170977e+00 3.672522799608569048e+25
1.173373373373373330e+00 3.676791045730394274e+25
1.175575575575575460e+00 3.681043282811592779e+25
1.177777777777777590e+00 3.685279553473365729e+25
1.179979979979979943e+00 3.689499900419661983e+25
1.182182182182182073e+00 3.693704366433606837e+25
1.184384384384384203e+00 3.697892994373970268e+25
1.186586586586586556e+00 3.702065827171723661e+25
1.188788788788788686e+00 3.706222907826626595e+25
1.190990990990990817e+00 3.710364279403850143e+25
1.193193193193193169e+00 3.714489985030726441e+25
1.195395395395395299e+00 3.718600067893460456e+25
1.197597597597597430e+00 3.722694571233940123e+25
1.199799799799799782e+00 3.726773538346617328e+25
1.202002002002001912e+00 3.730837012575392781e+25
1.204204204204204043e+00 3.734885037310575166e+25
1.206406406406406173e+00 3.738917655985902593e+25
1.208608608608608526e+00 3.742934912075580782e+25
1.210810810810810656e+00 3.746936849091392549e+25
1.213013013013012786e+00 3.750923510579841229e+25
1.215215215215215139e+00 3.754894940124328218e+25
1.217417417417417269e+00 3.758851181749772828e+25
1.219619619619619399e+00 3.762792280211490066e+25
1.221821821821821752e+00 3.766718280335225960e+25
1.224024024024023882e+00 3.770629226942567721e+25
1.226226226226226013e+00 3.774525164848763189e+25
1.228428428428428143e+00 3.778406138860675998e+25
1.230630630630630495e+00 3.782272193774699940e+25
1.232832832832832626e+00 3.786123374374745055e+25
1.235035035035034756e+00 3.789959725430245197e+25
1.237237237237237109e+00 3.793781291694222288e+25
1.239439439439439239e+00 3.797588117901320947e+25
1.241641641641641369e+00 3.801380248765968522e+25
1.243843843843843722e+00 3.805157728980470272e+25
1.246046046046045852e+00 3.808920603213195604e+25
1.248248248248247982e+00 3.812668916106805970e+25
1.250450450450450335e+00 3.816402712276437663e+25
1.252652652652652465e+00 3.820122036308007025e+25
1.254854854854854596e+00 3.823826932756480007e+25
1.257057057057056948e+00 3.827517446144203140e+25
1.259259259259259078e+00 3.831193620959246970e+25
1.261461461461461209e+00 3.834855501653787711e+25
1.263663663663663561e+00 3.838503132642517682e+25
1.265865865865865691e+00 3.842136558301075492e+25
1.268068068068067822e+00 3.845755822964506296e+25
1.270270270270270174e+00 3.849360970925753834e+25
1.272472472472472305e+00 3.852952046434174797e+25
1.274674674674674435e+00 3.856529093694082409e+25
1.276876876876876787e+00 3.860092156863317488e+25
1.279079079079078918e+00 3.863641280051829389e+25
1.281281281281281048e+00 3.867176507320306770e+25
1.282000000000000028e+00 4.205291541203928129e+25
1.283483483483483401e+00 3.870697882678807067e+25
1.285685685685685531e+00 3.874205450085461990e+25
1.287887887887887661e+00 3.877699253445119026e+25
1.290090090090090014e+00 3.881179336608076573e+25
1.292292292292292144e+00 3.884645743368854285e+25
1.294494494494494274e+00 3.888098517464914896e+25
1.296696696696696405e+00 3.891537702575471935e+25
1.298898898898898757e+00 3.894963342320296580e+25
1.301101101101100888e+00 3.898375480258539987e+25
1.303303303303303018e+00 3.901774159887604562e+25
1.305505505505505370e+00 3.905159424641999791e+25
1.307707707707707501e+00 3.908531317892251312e+25
1.309909909909909631e+00 3.911889882943824598e+25
1.312112112112111983e+00 3.915235163036040049e+25
1.314314314314314114e+00 3.918567201341056805e+25
1.316516516516516244e+00 3.921886040962853115e+25
1.318718718718718597e+00 3.925191724936196407e+25
1.320920920920920727e+00 3.928484296225706129e+25
1.323123123123122857e+00 3.931763797724860746e+25
1.325325325325325210e+00 3.935030272255064022e+25
1.327527527527527340e+00 3.938283762564731901e+25
1.329729729729729470e+00 3.941524311328390573e+25
1.331931931931931823e+00 3.944751961145765934e+25
1.334134134134133953e+00 3.947966754540946070e+25
1.336336336336336084e+00 3.951168733961528278e+25
1.338538538538538436e+00 3.954357941777760928e+25
1.340740740740740566e+00 3.957534420281769514e+25
1.342942942942942697e+00 3.960698211686725145e+25
1.345145145145145049e+00 3.963849358126091209e+25
1.347347347347347180e+00 3.966987901652843405e+25
1.349549549549549310e+00 3.970113884238740464e+25
1.351751751751751662e+00 3.973227347773562213e+25
1.353953953953953793e+00 3.976328334064443862e+25
1.356156156156155923e+00 3.979416884835128674e+25
1.358358358358358275e+00 3.982493041725326304e+25
1.360560560560560406e+00 3.985556846290018724e+25
1.362762762762762536e+00 3.988608339998821997e+25
1.364964964964964667e+00 3.991647564235339454e+25
1.367167167167167019e+00 3.994674560296559537e+25
1.369369369369369149e+00 3.997689369392210696e+25
1.371571571571571280e+00 4.000692032644216789e+25
1.373773773773773632e+00 4.003682591086084618e+25
1.375975975975975762e+00 4.006661085662338710e+25
1.378178178178177893e+00 4.009627557227986168e+25
1.380380380380380245e+00 4.012582046547979796e+25
1.382582582582582376e+00 4.015524594296670064e+25
1.384784784784784506e+00 4.018455241057318915e+25
1.386986986986986858e+00 4.021374027321595539e+25
1.389189189189188989e+00 4.024280993489070423e+25
1.391391391391391119e+00 4.027176179866776409e+25
1.393593593593593472e+00 4.030059626668722499e+25
1.395795795795795602e+00 4.032931374015456630e+25
1.397997997997997732e+00 4.035791461933625869e+25
1.400200200200200085e+00 4.038639930355557226e+25
1.402402402402402215e+00 4.041476819118829870e+25
1.404604604604604345e+00 4.044302167965896320e+25
1.406806806806806698e+00 4.047116016543678712e+25
1.409009009009008828e+00 4.049918404403179679e+25
1.411211211211210959e+00 4.052709370999153353e+25
1.413413413413413311e+00 4.055488955689707654e+25
1.415615615615615441e+00 4.058257197735973577e+25
1.417817817817817572e+00 4.061014136301766747e+25
1.420020020020019924e+00 4.063759810453287632e+25
1.422222222222222054e+00 4.066494259158756469e+25
1.424424424424424185e+00 4.069217521288166736e+25
1.426626626626626537e+00 4.071929635612939832e+25
1.428828828828828668e+00 4.074630640805672538e+25
1.431031031031030798e+00 4.077320575439843236e+25
1.433233233233232928e+00 4.079999477989564524e+25
1.435435435435435281e+00 4.082667386829314348e+25
1.437637637637637411e+00 4.085324340233691189e+25
1.439839839839839541e+00 4.087970376377170109e+25
1.442042042042041894e+00 4.090605533333881133e+25
1.444244244244244024e+00 4.093229849077409100e+25
1.446446446446446155e+00 4.095843361480527377e+25
1.448648648648648507e+00 4.098446108315043240e+25
1.450850850850850637e+00 4.101038127251597727e+25
1.453053053053052768e+00 4.103619455859469792e+25
1.455255255255255120e+00 4.106190131606377870e+25
1.457457457457457251e+00 4.108750191858352755e+25
1.459659659659659381e+00 3.101898470398768337e+25
1.461861861861861733e+00 3.104520092556207901e+25
1.464064064064063864e+00 3.107134459091746546e+25
1.466266266266265994e+00 3.109741587846348996e+25
1.468468468468468346e+00 3.112341496650659168e+25
1.470670670670670477e+00 3.114934203324504105e+25
1.472872872872872607e+00 3.117519725676422385e+25
1.475075075075074960e+00 3.120098081503207141e+25
1.477277277277277090e+00 3.122669288589456806e+25
1.479479479479479220e+00 3.125233364707111252e+25
1.481681681681681573e+00 3.127790327615023162e+25
1.483883883883883703e+00 3.130340195058526804e+25
1.486086086086085833e+00 3.132882984768981484e+25
1.488288288288288186e+00 3.135418714463390580e+25
1.490490490490490316e+00 3.137947401843946704e+25
1.492692692692692447e+00 3.140469064597655894e+25
1.494894894894894577e+00 3.142983720395921430e+25
1.497097097097096929e+00 3.145491386894130658e+25
1.499299299299299060e+00 3.147992081731300230e+25
1.501501501501501190e+00 3.150485822529674946e+25
1.503703703703703543e+00 3.152972626894333056e+25
1.505905905905905673e+00 3.155452512412846520e+25
1.508108108108107803e+00 3.157925496654889311e+25
1.510310310310310156e+00 3.160391597171898972e+25
1.512512512512512286e+00 3.162850831496705528e+25
1.514714714714714416e+00 3.165303217143185745e+25
1.516916916916916769e+00 3.167748771605936708e+25
1.519119119119118899e+00 3.170187512359910752e+25
1.521321321321321030e+00 3.172619456860122974e+25
1.523523523523523382e+00 3.175044622541272417e+25
1.525725725725725512e+00 3.177463026817471486e+25
1.527927927927927643e+00 3.179874687081905359e+25
1.530130130130129995e+00 3.182279620706527471e+25
1.532332332332332125e+00 3.184677845041749420e+25
1.534534534534534256e+00 3.187069377416148049e+25
1.536736736736736608e+00 3.189454235136165659e+25
1.538938938938938739e+00 3.191832435485832979e+25
1.541141141141140869e+00 3.194203995726454781e+25
1.543343343343343221e+00 3.196568933096370214e+25
1.545545545545545352e+00 3.198927264810645721e+25
1.547747747747747482e+00 3.201279008060815616e+25
1.549949949949949835e+00 3.203624180014619666e+25
1.552152152152151965e+00 3.205962797815733795e+25
1.554354354354354095e+00 3.208294878583528708e+25
1.556556556556556448e+00 3.210620439412802741e+25
1.558758758758758578e+00 3.212939497373540059e+25
1.560960960960960708e+00 3.215252069510667127e+25
1.563163163163162839e+00 3.217558172843819065e+25
1.565365365365365191e+00 3.219857824367094838e+25
1.567567567567567322e+00 3.222151041048841215e+25
1.569769769769769452e+00 3.224437839831407528e+25
1.571971971971971804e+00 3.226718237630959269e+25
1.574174174174173935e+00 3.228992251337210089e+25
1.576376376376376065e+00 3.231259897813251711e+25
1.578578578578578417e+00 3.233521193895322863e+25
1.580780780780780548e+00 3.235776156392611283e+25
1.582982982982982678e+00 3.238024802087047126e+25
1.585185185185185031e+00 3.240267147733116137e+25
1.587387387387387161e+00 3.242503210057646189e+25
1.589589589589589291e+00 3.244733005759643646e+25
1.591791791791791644e+00 3.246956551510073030e+25
1.593993993993993774e+00 3.249173863951710133e+25
1.596196196196195904e+00 3.251384959698943592e+25
1.598398398398398257e+00 3.253589855337588913e+25
1.600600600600600387e+00 3.255788567424742016e+25
1.602802802802802518e+00 3.257981112488596696e+25
1.605005005005004870e+00 3.260167507028278413e+25
1.607207207207207000e+00 3.262347767513685370e+25
1.609409409409409131e+00 3.264521910385328317e+25
1.611611611611611483e+00 3.266689952054176792e+25
1.613813813813813614e+00 3.268851908901509220e+25
1.616016016016015744e+00 3.271007797278773333e+25
1.618218218218218096e+00 3.273157633507407497e+25
1.620420420420420227e+00 3.275301433878748369e+25
1.622622622622622357e+00 3.277439214653833761e+25
1.624824824824824709e+00 3.279570992063333057e+25
1.627027027027026840e+00 3.281696782307353087e+25
1.629229229229228970e+00 3.283816601555341482e+25
1.631431431431431101e+00 3.285930465945958263e+25
1.633633633633633453e+00 3.288038391586940973e+25
1.635835835835835583e+00 3.290140394554986137e+25
1.638038038038037714e+00 3.292236490895638885e+25
1.640240240240240066e+00 3.294326696623168821e+25
1.642442442442442196e+00 3.296411027720465234e+25
1.644644644644644327e+00 3.298489500138908239e+25
1.646846846846846679e+00 3.300562129798302644e+25
1.649049049049048810e+00 3.302628932586706576e+25
1.651251251251250940e+00 3.304689924360416019e+25
1.653453453453453292e+00 3.306745120943780132e+25
1.655655655655655423e+00 3.308794538129155290e+25
1.657857857857857553e+00 3.310838191676808023e+25
1.660060060060059905e+00 3.312876097314801624e+25
1.662262262262262036e+00 3.314908270738922708e+25
1.664464464464464166e+00 3.316934727612590154e+25
1.666666666666666519e+00 3.318955483566778663e+25
1.668868868868868649e+00 3.320970554199908799e+25
1.671071071071070779e+00 3.322979955077810054e+25
1.673273273273273132e+00 3.324983701733608754e+25
1.675475475475475262e+00 3.326981809667660192e+25
1.677677677677677393e+00 3.328974294347496663e+25
1.679879879879879745e+00 3.330961171207719660e+25
1.682082082082081875e+00 3.332942455649965513e+25
1.684284284284284006e+00 3.334918163042835381e+25
1.686486486486486358e+00 3.336888308721793462e+25
1.688688688688688488e+00 3.338852907989148954e+25
1.690890890890890619e+00 3.340811976113989055e+25
1.693093093093092749e+00 3.342765528332096924e+25
1.695295295295295102e+00 3.344713579845909169e+25
1.697497497497497232e+00 3.346656145824478472e+25
1.699699699699699362e+00 3.348593241403392422e+25
1.701901901901901715e+00 3.350524881684746019e+25
1.704104104104103845e+00 3.352451081737077689e+25
1.706306306306305975e+00 3.354371856595335773e+25
1.708508508508508328e+00 3.356287221260828714e+25
1.710710710710710458e+00 3.358197190701181241e+25
1.712912912912912589e+00 3.360101779850294431e+25
1.715115115115114941e+00 3.362001003608311778e+25
1.717317317317317071e+00 3.363894876841574093e+25
1.719519519519519202e+00 3.365783414382581282e+25
1.721721721721721554e+00 3.367666631029980747e+25
1.723923923923923684e+00 3.369544541548503824e+25
1.726126126126125815e+00 3.371417160668970503e+25
1.728328328328328167e+00 3.373284503088220711e+25
1.730530530530530298e+00 3.375146583469122043e+25
1.732732732732732428e+00 3.377003416440525096e+25
1.734934934934934780e+00 3.378855016597256162e+25
1.737137137137136911e+00 3.380701398500067412e+25
1.739339339339339041e+00 3.382542576675643337e+25
1.741541541541541394e+00 3.384378565616568534e+25
1.743743743743743524e+00 3.386209379781319976e+25
1.745945945945945654e+00 3.388035033594223634e+25
1.748148148148148007e+00 3.389855541445485400e+25
1.750350350350350137e+00 3.391670917691137827e+25
1.752552552552552267e+00 3.393481176653038416e+25
1.754754754754754620e+00 3.395286332618874766e+25
1.756956956956956750e+00 3.397086399842136228e+25
1.759159159159158881e+00 3.398881392542119059e+25
1.761361361361361011e+00 3.400671324903900655e+25
1.763563563563563363e+00 3.402456211078377771e+25
1.765765765765765494e+00 3.404236065182192652e+25
1.767967967967967624e+00 3.406010901297804756e+25
1.770170170170169976e+00 3.407780733473449096e+25
1.772372372372372107e+00 3.409545575723134088e+25
1.774574574574574237e+00 3.411305442026663031e+25
1.776776776776776590e+00 3.413060346329608332e+25
1.778978978978978720e+00 3.414810302543348449e+25
1.781181181181180850e+00 3.416555324545054140e+25
1.783383383383383203e+00 3.418295426177696628e+25
1.785585585585585333e+00 3.420030621250045025e+25
1.787787787787787464e+00 3.421760923536693384e+25
1.789989989989989816e+00 3.423486346778067150e+25
1.792192192192191946e+00 3.425206904680414563e+25
1.794394394394394077e+00 3.426922610915829855e+25
1.796596596596596429e+00 3.428633479122291044e+25
1.798798798798798559e+00 3.430339522903624284e+25
1.801001001001000690e+00 3.432040755829549397e+25
1.803203203203203042e+00 3.433737191435694901e+25
1.805405405405405173e+00 3.435428843223613900e+25
1.807607607607607303e+00 3.437115724660795687e+25
1.809809809809809655e+00 3.438797849180676473e+25
1.812012012012011786e+00 3.440475230182679769e+25
1.814214214214213916e+00 3.442147881032221959e+25
1.816416416416416268e+00 3.443815815060742374e+25
1.818618618618618399e+00 3.445479045565714024e+25
1.820820820820820529e+00 3.447137585810681397e+25
1.823023023023022882e+00 3.448791449025273340e+25
1.825225225225225012e+00 3.450440648405231410e+25
1.827427427427427142e+00 3.452085197112446377e+25
1.829629629629629273e+00 3.453725108274960805e+25
1.831831831831831625e+00 3.455360394987022309e+25
1.834034034034033755e+00 3.456991070309098153e+25
1.836236236236235886e+00 3.458617147267902316e+25
1.838438438438438238e+00 3.460238638856429844e+25
1.840640640640640369e+00 3.461855558034005820e+25
1.842842842842842499e+00 3.463467917726270755e+25
1.845045045045044851e+00 3.465075730825268209e+25
1.847247247247246982e+00 3.466679010189421596e+25
1.849449449449449112e+00 3.468277768643640272e+25
1.851651651651651465e+00 3.469872018979261981e+25
1.853853853853853595e+00 3.471461773954168387e+25
1.856056056056055725e+00 3.473047046292792812e+25
1.858258258258258078e+00 3.474627848686133972e+25
1.860460460460460208e+00 3.476204193791825562e+25
1.862662662662662338e+00 3.477776094234165027e+25
1.864864864864864691e+00 3.479343562604141912e+25
1.867067067067066821e+00 3.480906611459478234e+25
1.869269269269268952e+00 3.482465253324693336e+25
1.871471471471471304e+00 3.484019500691113764e+25
1.873673673673673434e+00 3.485569366016923091e+25
1.875000000000000000e+00 4.538100698489400213e+25
1.875875875875875565e+00 3.487114861727218609e+25
1.878078078078077917e+00 3.488656000214033665e+25
1.880280280280280047e+00 3.490192793836383612e+25
1.882482482482482178e+00 3.491725254920336681e+25
1.884684684684684530e+00 3.493253395759007110e+25
1.886886886886886661e+00 3.494777228612647049e+25
1.889089089089088791e+00 3.496296765708672339e+25
1.891291291291291143e+00 3.497812019241701158e+25
1.893493493493493274e+00 3.499323001373612011e+25
1.895695695695695404e+00 3.500829724233587962e+25
1.897897897897897534e+00 3.502332199918163882e+25
1.900100100100099887e+00 3.503830440491274124e+25
1.902302302302302017e+00 3.505324457984295467e+25
1.904504504504504148e+00 3.506814264396095227e+25
1.906706706706706500e+00 3.508299871693093099e+25
1.908908908908908630e+00 3.509781291809298955e+25
1.911111111111110761e+00 3.511258536646376842e+25
1.913313313313313113e+00 3.512731618073675897e+25
1.915515515515515244e+00 3.514200547928281467e+25
1.917717717717717374e+00 3.515665338015091553e+25
1.919919919919919726e+00 3.517126000106855469e+25
1.922122122122121857e+00 3.518582545944212062e+25
1.924324324324323987e+00 3.520034987235757147e+25
1.926526526526526339e+00 3.521483335658095048e+25
1.928728728728728470e+00 3.522927602855897003e+25
1.930930930930930600e+00 3.524367800441931238e+25
1.933133133133132953e+00 3.525803939997154009e+25
1.935335335335335083e+00 3.527236033070725935e+25
1.937537537537537213e+00 3.528664091180106049e+25
1.939739739739739566e+00 3.530088125811071128e+25
1.941941941941941696e+00 3.531508148417788708e+25
1.944144144144143826e+00 3.532924170422879362e+25
1.946346346346346179e+00 3.534336203217455352e+25
1.948548548548548309e+00 3.535744258161198799e+25
1.950750750750750440e+00 3.537148346582384017e+25
1.952952952952952792e+00 3.538548479777982740e+25
1.955155155155154922e+00 3.539944669013692038e+25
1.957357357357357053e+00 3.541336925523971253e+25
1.959559559559559183e+00 3.542725260512159684e+25
1.961761761761761536e+00 3.544109685150479593e+25
1.963963963963963666e+00 3.545490210580123389e+25
1.966166166166165796e+00 3.546866847911306891e+25
1.968368368368368149e+00 3.548239608223314420e+25
1.970570570570570279e+00 3.549608502564592005e+25
1.972772772772772409e+00 3.550973541952767136e+25
1.974974974974974762e+00 3.552334737374742394e+25
1.977177177177176892e+00 3.553692099786736686e+25
1.979379379379379023e+00 3.555045640114341936e+25
1.981581581581581375e+00 3.556395369252599537e+25
1.983783783783783505e+00 3.557741298066057472e+25
1.985985985985985636e+00 3.559083437388821855e+25
1.988188188188187988e+00 3.560421798024627799e+25
1.990390390390390118e+00 3.561756390746899112e+25
1.992592592592592249e+00 3.563087226298813157e+25
1.994794794794794601e+00 3.564414315393339932e+25
1.996996996996996732e+00 3.565737668713347297e+25
1.999199199199198862e+00 3.567057296911625456e+25
2.001401401401401436e+00 3.568373210610966843e+25
2.003603603603603567e+00 3.569685420404230550e+25
2.005805805805805697e+00 3.570993936854390853e+25
2.008008008008007828e+00 3.572298770494615817e+25
2.010210210210209958e+00 3.573599931828331715e+25
2.012412412412412088e+00 3.574897431329257821e+25
2.014614614614614663e+00 3.576191279441512495e+25
2.016816816816816793e+00 3.577481486579651408e+25
2.019019019019018923e+00 3.578768063128731533e+25
2.021221221221221054e+00 3.580051019444398341e+25
2.023423423423423184e+00 3.581330365852895242e+25
2.025625625625625315e+00 3.582606112651197594e+25
2.027827827827827445e+00 3.583878270107038039e+25
2.030030030030030019e+00 3.585146848458965775e+25
2.032232232232232150e+00 3.586411857916433746e+25
2.034434434434434280e+00 3.587673308659854902e+25
2.036636636636636410e+00 3.588931210840640856e+25
2.038838838838838541e+00 3.590185574581331164e+25
2.041041041041040671e+00 3.591436409975581296e+25
2.043243243243243246e+00 3.592683727088288051e+25
2.045445445445445376e+00 3.593927535955629070e+25
2.047647647647647506e+00 3.595167846585120818e+25
2.049849849849849637e+00 3.596404668955702767e+25
2.052052052052051767e+00 3.597638013017794945e+25
2.054254254254253897e+00 3.598867888693360217e+25
2.056456456456456472e+00 3.600094305875985886e+25
2.058658658658658602e+00 3.601317274430925358e+25
2.060860860860860733e+00 3.602536804195170293e+25
2.063063063063062863e+00 3.603752904977531782e+25
2.065265265265264993e+00 3.604965586558710357e+25
2.067467467467467124e+00 3.606174858691328630e+25
2.069669669669669698e+00 3.607380731100031794e+25
2.071871871871871829e+00 3.608583213481525425e+25
2.074074074074073959e+00 3.609782315504680700e+25
2.076276276276276089e+00 3.610978046810533116e+25
2.078478478478478220e+00 3.612170417012465880e+25
2.080680680680680350e+00 3.613359435696123584e+25
2.082882882882882924e+00 3.614545112419612777e+25
2.085085085085085055e+00 3.615727456713492088e+25
2.087287287287287185e+00 3.616906478080868863e+25
2.089489489489489316e+00 3.618082185997453281e+25
2.091691691691691446e+00 3.619254589911628361e+25
2.093893893893893576e+00 3.620423699244522978e+25
2.096096096096095707e+00 3.621589523390073283e+25
2.098298298298298281e+00 3.622752071715093993e+25
2.100500500500500412e+00 3.623911353559329079e+25
2.102702702702702542e+00 3.625067378235536800e+25
2.104904904904904672e+00 3.626220155029559287e+25
2.107107107107106803e+00 3.627369693200368926e+25
2.109309309309308933e+00 3.628516001980157261e+25
2.111511511511511507e+00 3.629659090574373655e+25
2.113713713713713638e+00 3.630798968161820204e+25
2.115915915915915768e+00 3.631935643894726470e+25
2.118118118118117899e+00 3.633069126898765375e+25
2.120320320320320029e+00 3.634199426273167874e+25
2.122522522522522159e+00 3.635326551090786092e+25
2.124724724724724734e+00 3.636450510398119951e+25
2.126926926926926864e+00 3.637571313215450319e+25
2.129129129129128994e+00 3.638688968536828266e+25
2.131331331331331125e+00 3.639803485330217663e+25
2.133533533533533255e+00 3.640914872539479021e+25
2.135735735735735386e+00 3.642023139076572844e+25
2.137937937937937960e+00 3.643128293833442939e+25
2.140140140140140090e+00 3.644230345674206879e+25
2.142342342342342221e+00 3.645329303437197402e+25
2.144544544544544351e+00 3.646425175935029408e+25
2.146746746746746481e+00 3.647517971954651507e+25
2.148948948948948612e+00 3.648607700257426326e+25
2.151151151151151186e+00 3.649694369579200951e+25
2.153353353353353317e+00 3.650777988630345153e+25
2.155555555555555447e+00 3.651858566095862625e+25
2.157757757757757577e+00 3.652936110635420617e+25
2.159959959959959708e+00 3.654010630883425103e+25
2.162162162162161838e+00 3.655082135449097654e+25
2.164364364364363968e+00 3.656150632916531706e+25
2.166566566566566543e+00 3.657216131844769441e+25
2.168768768768768673e+00 3.658278640767843014e+25
2.170970970970970804e+00 3.659338168194875921e+25
2.173173173173172934e+00 3.660394722610119069e+25
2.175375375375375064e+00 3.661448312473043553e+25
2.177577577577577195e+00 3.662498946218374586e+25
2.179779779779779769e+00 3.663546632256181688e+25
2.181981981981981900e+00 3.664591378971945265e+25
2.184184184184184030e+00 3.665633194726603849e+25
2.186386386386386160e+00 3.666672087856631838e+25
2.188588588588588291e+00 3.667708066674110364e+25
2.190790790790790421e+00 3.668741139466785274e+25
2.192992992992992995e+00 3.669771314498129838e+25
2.195195195195195126e+00 3.670798600007417759e+25
2.197397397397397256e+00 3.671823004209783309e+25
2.199599599599599387e+00 3.672844535296284032e+25
2.201801801801801517e+00 3.673863201433979770e+25
2.204004004004004091e+00 3.674879010765984634e+25
2.206206206206206222e+00 3.675891971411533579e+25
2.208408408408408352e+00 3.676902091466042096e+25
2.210610610610610482e+00 3.677909379001202858e+25
2.212812812812812613e+00 3.678913842065000745e+25
2.215015015015014743e+00 3.679915488681813351e+25
2.217217217217217318e+00 3.680914326852477554e+25
2.219419419419419448e+00 3.681910364554311849e+25
2.221621621621621578e+00 3.682903609741237898e+25
2.223823823823823709e+00 3.683894070343817894e+25
2.226026026026025839e+00 3.684881754269302236e+25
2.228228228228227970e+00 3.685866669401717577e+25
2.230430430430430544e+00 3.686848823601938976e+25
2.232632632632632674e+00 3.687828224707709231e+25
2.234834834834834805e+00 3.688804880533766003e+25
2.237037037037036935e+00 3.689778798871852989e+25
2.239239239239239065e+00 3.690749987490796370e+25
2.241441441441441196e+00 3.691718454136598009e+25
2.243643643643643770e+00 3.692684206532461658e+25
2.245845845845845901e+00 3.693647252378874553e+25
2.248048048048048031e+00 3.694607599353661107e+25
2.250250250250250161e+00 3.695565255112068380e+25
2.252452452452452292e+00 3.696520227286802583e+25
2.254654654654654422e+00 3.697472523488093074e+25
2.256856856856856552e+00 3.698422151303790714e+25
2.259059059059059127e+00 3.699369118299388485e+25
2.261261261261261257e+00 3.700313432018102228e+25
2.263463463463463388e+00 3.701255099980935505e+25
2.265665665665665518e+00 3.702194129686739294e+25
2.267867867867867648e+00 3.703130528612277274e+25
2.270070070070069779e+00 3.704064304212276079e+25
2.272272272272272353e+00 3.704995463919511621e+25
2.274474474474474484e+00 3.705924015144839588e+25
2.276676676676676614e+00 3.706849965277292082e+25
2.278878878878878744e+00 3.707773321684099520e+25
2.281081081081080875e+00 3.190662697647158351e+25
2.283283283283283005e+00 3.191782842308262823e+25
2.285485485485485579e+00 3.192900682262712798e+25
2.287687687687687710e+00 3.194016222934392693e+25
2.289889889889889840e+00 3.195129469733958426e+25
2.292092092092091971e+00 3.196240428058844288e+25
2.294294294294294101e+00 3.197349103293332091e+25
2.296496496496496231e+00 3.198455500808530983e+25
2.298698698698698806e+00 3.199559625962425121e+25
2.300900900900900936e+00 3.200661484099918339e+25
2.303103103103103066e+00 3.201761080552820405e+25
2.305305305305305197e+00 3.202858420639902854e+25
2.307507507507507327e+00 3.203953509666919176e+25
2.309709709709709458e+00 3.205046352926618558e+25
2.311911911911912032e+00 3.206136955698798283e+25
2.314114114114114162e+00 3.207225323250311464e+25
2.316316316316316293e+00 3.208311460835082931e+25
2.318518518518518423e+00 3.209395373694173228e+25
2.320720720720720553e+00 3.210477067055766159e+25
2.322922922922922684e+00 3.211556546135207439e+25
2.325125125125124814e+00 3.212633816135052802e+25
2.327327327327327389e+00 3.213708882245055114e+25
2.329529529529529519e+00 3.214781749642232231e+25
2.331731731731731649e+00 3.215852423490875165e+25
2.333933933933933780e+00 3.216920908942557956e+25
2.336136136136135910e+00 3.217987211136199097e+25
2.338338338338338041e+00 3.219051335198040913e+25
2.340540540540540615e+00 3.220113286241735030e+25
2.342742742742742745e+00 3.221173069368324772e+25
2.344944944944944876e+00 3.222230689666302277e+25
2.347147147147147006e+00 3.223286152211585740e+25
2.349349349349349136e+00 3.224339462067621196e+25
2.351551551551551267e+00 3.225390624285327552e+25
2.353753753753753841e+00 3.226439643903207824e+25
2.355955955955955972e+00 3.227486525947291581e+25
2.358158158158158102e+00 3.228531275431214409e+25
2.360360360360360232e+00 3.229573897356250544e+25
2.362562562562562363e+00 3.230614396711292264e+25
2.364764764764764493e+00 3.231652778472934926e+25
2.366966966966967068e+00 3.232689047605450336e+25
2.369169169169169198e+00 3.233723209060857618e+25
2.371371371371371328e+00 3.234755267778906892e+25
2.373573573573573459e+00 3.235785228687152289e+25
2.375775775775775589e+00 3.236813096700948516e+25
2.377977977977977719e+00 3.237838876723484783e+25
2.380180180180180294e+00 3.238862573645797263e+25
2.382382382382382424e+00 3.239884192346847255e+25
2.384584584584584555e+00 3.240903737693465785e+25
2.386786786786786685e+00 3.241921214540466559e+25
2.388988988988988815e+00 3.242936627730595284e+25
2.391191191191190946e+00 3.243949982094631457e+25
2.393393393393393076e+00 3.244961282451348856e+25
2.395595595595595650e+00 3.245970533607574806e+25
2.397797797797797781e+00 3.246977740358213802e+25
2.399999999999999911e+00 3.247982907486293037e+25
